370
416037779  3.90
313212302  2.30
313278890  4.70
313017595  4.50
313017595  5.10
416037779  5.10
313267199  8.30
313335901  8.70
313162465  6.60
313307920  0.50
313004808  3.90
313162465  2.70
313254322  2.10
416008110  0.40
313227864  7.70
313248382  1.80
313048622  0.10
416036923  6.30
313236643  1.50
313099047  7.40
313162465  8.70
312070268  4.70
313194726  6.50
416044152  0.00
313237609  4.60
313253301  7.80
313162465  6.40
313248382  2.40
416048875  1.30
416021750  1.80
416097447  3.70
313237609  7.60
416102995  2.60
313341308  9.50
313174156  8.40
313251940  2.00
313209322  4.00
313228211  2.10
313085668  7.30
416008110  9.70
313217582  5.80
313228211  6.80
313174156  8.70
312070268  6.50
313099047  9.40
313138303  7.70
313250991  3.10
313297655  1.30
313236643  7.10
313166965  3.60
416008110  8.20
313099047  2.40
313068398  3.50
313267199  3.70
416048875  8.40
416007876  7.70
416009722  5.00
313209322  4.50
312222818  5.40
110000932  4.00
411028135  0.10
416097447  2.30
313295988  7.30
313068398  6.10
313113199  4.80
313295988  1.60
313209322  7.60
313272214  2.00
313291753  8.80
313165796  1.00
416036923  1.40
313168890  7.20
313232102  9.70
313267199  3.50
416007876  8.90
313143143  6.80
311728124  9.30
313161609  4.30
312148626  8.00
313174156  8.90
313017595  6.00
316044152  8.50
313248382  7.90
312148626  7.80
313287652  3.40
313290639  3.80
416009722  8.60
313161609  1.40
416008110  3.20
313250991  4.00
416102995  8.90
313238032  0.10
313238032  5.50
313341308  0.90
313085668  5.10
416044152  2.30
313216489  6.70
311056127  7.00
313278890  7.00
416053832  0.00
313128362  0.50
313128362  0.00
416054461  6.50
416007876  6.70
313231040  7.80
416009722  5.00
313341308  9.00
313179656  5.50
313248805  2.60
416056943  0.90
313128362  8.40
313112893  6.10
313272214  2.20
313212302  8.30
313069632  1.00
313267763  5.20
312121346  5.50
313272214  9.20
313048622  9.00
313209322  5.90
313054916  8.00
313333773  6.80
313043641  0.30
312070268  8.20
313228895  0.70
313291753  7.90
411028135  5.50
313162465  3.40
313248805  3.30
313043641  1.90
416048875  6.20
313341308  0.00
313327575  5.70
313180120  2.20
313017595  0.60
313037832  8.60
311728124  7.70
416102995  7.80
313248382  8.00
313341308  6.30
313128362  8.60
313272214  7.10
313327575  8.10
312086868  3.30
313295988  6.70
416053832  8.80
416036923  9.90
313327575  1.00
313043641  5.00
313253301  1.90
416092194  3.20
312029029  0.80
313113199  6.20
313143143  4.80
313272214  8.30
313327575  1.20
416102995  4.20
416007876  8.50
312070268  1.80
313254322  2.00
313354587  4.50
313333773  4.90
313004808  0.10
313143143  4.50
313128362  2.40
312070268  5.70
313291753  9.70
313174156  8.60
311056127  5.50
312086868  6.20
313099047  7.40
313179656  4.20
313295988  8.00
416040735  3.80
313188030  9.70
416009722  8.60
313209322  8.20
312222818  1.00
416097447  1.90
416007876  0.10
313037832  5.90
308027122  9.30
313209322  0.00
308027122  4.20
313043641  3.10
316044152  5.20
313227864  6.10
313188030  3.30
313248382  5.90
313063864  2.80
313250991  5.50
313069632  9.10
313166965  1.50
416007876  5.90
313231040  1.30
313341308  7.30
416021750  6.40
313236643  6.70
416021750  1.80
313335901  6.90
312070268  9.10
313237609  6.60
308027122  2.50
416044152  3.00
313267199  0.00
313327575  3.60
313138303  7.10
313237609  2.30
313250991  0.80
313188030  0.40
313113199  8.80
313295988  9.10
416092194  0.30
313335901  3.60
312070268  9.90
313232102  5.60
313251940  9.00
313113199  3.20
313043641  8.90
312180378  7.50
313248805  4.20
312070268  2.70
313191515  9.80
313267199  0.60
308027122  1.20
313326723  3.40
313048622  1.60
308027122  7.80
313216489  9.50
313307920  0.20
313162465  9.80
313267763  5.70
313329569  7.70
416054461  6.60
313236643  4.60
416048875  4.60
312029029  2.20
313287652  4.30
311018634  9.60
313191515  6.00
416007876  3.50
313237609  1.50
313327575  4.90
313004808  9.50
312148626  8.50
311018634  5.50
416056943  8.00
313068398  3.00
313254322  5.50
416036923  6.10
313004808  6.80
313326723  4.90
313179656  6.00
110000932  8.20
313148416  3.20
312148626  7.30
312121346  4.60
313248382  3.60
313341308  7.40
313354587  3.20
416097447  7.60
416048875  9.30
313232102  8.00
416036923  5.80
313354587  5.70
313272214  2.70
312029029  9.80
313217582  9.40
313168890  7.10
313333773  8.60
313243322  7.80
313290639  9.70
416054461  6.90
313228211  9.80
313236643  5.50
416009722  7.80
313027351  6.10
313248805  7.00
313179656  7.90
313179656  6.00
313329569  9.90
313168890  5.70
313165796  8.50
416040735  8.40
313168890  5.90
313027351  8.10
313243322  5.10
313243322  5.20
416044152  5.10
313354587  5.10
313237609  9.70
313227864  8.90
313248805  5.50
313099047  5.30
313162465  6.00
313128362  9.00
313267763  9.20
313267199  2.80
313212302  2.00
313228211  5.90
313248805  2.10
312070268  7.40
416008110  7.50
313232102  8.70
313188030  6.50
313027351  2.90
416102995  1.20
312180378  2.10
313236643  6.70
312043985  5.80
313216489  8.40
313209322  9.50
313237609  0.40
312222818  2.60
313143143  0.40
313327575  2.30
312222818  0.90
313329569  5.70
313251940  0.90
416008110  5.20
411028135  7.40
313212302  7.80
313168890  1.90
416009722  2.70
313179656  6.10
313238032  8.00
312086868  8.30
416029546  5.90
313180120  9.30
416040735  2.90
313027351  0.90
313212302  4.30
313228211  6.70
313238032  0.20
312070268  9.40
313004808  9.60
312121346  9.90
313290639  6.40
313291753  4.20
313212302  2.50
313341308  2.40
313243322  6.90
313063864  3.20
416007876  3.00
313099047  4.00
313295988  8.80
313326723  4.60
313267199  2.50
416092194  9.30
313068398  2.80
416097447  3.80
311056127  3.20
313231040  1.60
313297655  3.30
313099047  5.10
416040735  0.10
313027351  0.40
313326723  8.80
313278890  4.40
312148626  8.80
313253301  2.00
313326723  4.20
313212302  7.10
313232102  0.10
313099047  1.40
313209322  7.70
416092194  6.00
313307920  7.50
313212302  9.20
313307920  4.70
